@Using Triangular Membership Functions as antecedent fuzzy sets

@Number of Labels in Variable 1: 2
A1:
L_0(2): (-1.0,0.0,1.0)
L_1(2): (0.0,1.0,2.0)


@Number of Labels in Variable 2: 5
A2:
L_0(5): (-1935.2262093397485,67.02379066025156,2069.2737906602515)
L_1(5): (-221.5704639366376,1780.6795360633623,3782.9295360633623)
L_2(5): (2858.0600786950404,4860.31007869504,6862.56007869504)
L_3(5): (4581.108381160605,6583.358381160605,8585.608381160604)
L_4(5): (5879.990523290784,7882.240523290784,9884.490523290784)


@Number of Labels in Variable 3: 5
A3:
L_0(5): (-5483.489274872159,1100.2607251278414,7684.010725127841)
L_1(5): (617.7654343780875,7201.515434378088,13785.265434378087)
L_2(5): (6300.748339915531,12884.498339915532,19468.24833991553)
L_3(5): (11877.787047964632,18461.53704796463,25045.28704796463)
L_4(5): (18581.25876952886,25165.00876952886,31748.75876952886)


@Number of Labels in Variable 4: 3
A4:
L_0(3): (-1.0,0.0,1.0)
L_1(3): (0.0,1.0,2.0)
L_2(3): (1.0,2.0,3.0)


@Number of Labels in Variable 5: 5
A5:
L_0(5): (-1.76843926648866,1.48156073351134,4.7315607335113405)
L_1(5): (2.0050519990060867,5.255051999006087,8.505051999006087)
L_2(5): (4.47639094056112,7.72639094056112,10.976390940561119)
L_3(5): (7.798995385544317,11.048995385544316,14.298995385544316)
L_4(5): (11.435318771489422,14.685318771489422,17.93531877148942)


@Number of Labels in Variable 6: 5
A6:
L_0(5): (-0.989313223744587,1.010686776255413,3.010686776255413)
L_1(5): (1.7208462900153285,3.7208462900153285,5.720846290015329)
L_2(5): (2.8531722038053156,4.8531722038053156,6.8531722038053156)
L_3(5): (5.0395152637751215,7.0395152637751215,9.03951526377512)
L_4(5): (6.7505816314228,8.7505816314228,10.7505816314228)


@Number of Labels in Variable 7: 5
A7:
L_0(5): (-3458.561308660088,145.18869133991205,3748.938691339912)
L_1(5): (5.400460702739195,3609.150460702739,7212.900460702739)
L_2(5): (2613.119767711849,6216.869767711849,9820.619767711849)
L_3(5): (7330.940447031402,10934.690447031402,14538.440447031402)
L_4(5): (9859.600361769017,13463.350361769017,17067.100361769015)


@Number of Labels in Variable 8: 2
A8:
L_0(2): (-1.0,0.0,1.0)
L_1(2): (0.0,1.0,2.0)


@Number of Labels in Variable 9: 2
A9:
L_0(2): (-1.0,0.0,1.0)
L_1(2): (0.0,1.0,2.0)


@Number of Labels in Variable 10: 5
A10:
L_0(5): (-14.896932013354645,1.8530679866453554,18.603067986645357)
L_1(5): (2.4115335023496085,19.16153350234961,35.911533502349606)
L_2(5): (16.49344762295323,33.243447622953234,49.993447622953234)
L_3(5): (32.93392836424841,49.68392836424841,66.43392836424842)
L_4(5): (54.28264763447857,71.03264763447858,87.78264763447858)


@Number of Labels in Variable 11: 2
A11:
L_0(2): (-1.0,0.0,1.0)
L_1(2): (0.0,1.0,2.0)


@Number of Labels in Variable 12: 3
A12:
L_0(3): (-1.0,0.0,1.0)
L_1(3): (0.0,1.0,2.0)
L_2(3): (1.0,2.0,3.0)


@Number of Labels in Variable 13: 5
A13:
L_0(5): (-434.18336820969876,65.81663179030123,565.8166317903012)
L_1(5): (183.9007405857463,683.9007405857462,1183.9007405857462)
L_2(5): (553.5279902938034,1053.5279902938034,1553.5279902938034)
L_3(5): (880.7829508723713,1380.7829508723714,1880.7829508723714)
L_4(5): (1640.3256876689434,2140.3256876689434,2640.3256876689434)


@Number of Labels in Variable 14: 5
A14:
L_0(5): (-32046.05842158418,-7046.058421584182,17953.94157841582)
L_1(5): (4568.43830479566,29568.438304795658,54568.43830479566)
L_2(5): (32401.33786754108,57401.33786754108,82401.33786754108)
L_3(5): (48535.82775121543,73535.82775121543,98535.82775121543)
L_4(5): (75327.91623559645,100327.91623559645,125327.91623559645)
