@Using Triangular Membership Functions as antecedent fuzzy sets

@Number of Labels in Variable 1: 5
SepalLength:
L_0(5): (3.5441347454463377,4.4441347454463385,5.344134745446339)
L_1(5): (4.470290424753226,5.370290424753226,6.270290424753226)
L_2(5): (5.317423239717494,6.217423239717493,7.1174232397174935)
L_3(5): (6.082910969170642,6.982910969170642,7.882910969170642)
L_4(5): (6.963923490919479,7.863923490919479,8.76392349091948)


@Number of Labels in Variable 2: 5
SepalWidth:
L_0(5): (1.2352168481445482,1.8352168481445483,2.4352168481445484)
L_1(5): (2.106631702813665,2.7066317028136653,3.3066317028136654)
L_2(5): (2.4356881796671295,3.0356881796671296,3.6356881796671296)
L_3(5): (3.181562247003518,3.781562247003518,4.381562247003519)
L_4(5): (3.8528761578112287,4.452876157811229,5.0528761578112285)


@Number of Labels in Variable 3: 5
PetalLength:
L_0(5): (-0.302281859123525,1.172718140876475,2.647718140876475)
L_1(5): (0.804690036109421,2.2796900361094212,3.7546900361094213)
L_2(5): (2.2414017398599615,3.7164017398599616,5.191401739859963)
L_3(5): (3.953778025471079,5.42877802547108,6.903778025471079)
L_4(5): (5.151338570932629,6.626338570932629,8.10133857093263)


@Number of Labels in Variable 4: 5
PetalWidth:
L_0(5): (-0.5093255739396805,0.09067442606031949,0.6906744260603195)
L_1(5): (0.00474608095061646,0.6047460809506164,1.2047460809506165)
L_2(5): (0.6763110241313047,1.2763110241313047,1.8763110241313046)
L_3(5): (1.3882850483170333,1.9882850483170331,2.588285048317033)
L_4(5): (1.9935512160814244,2.5935512160814245,3.1935512160814246)
